4294967279,105
4294967279,104
4294967279,103
4294967279,102
4294967279,101
4294967279,100
4294967279,99
4294967279,98
4294967279,97
4294967279,96
4294967279,95
4294967279,94
4294967279,93
4294967279,92
4294967279,91
4294967279,90
4294967279,89
4294967279,87
4294967279,86
4294967279,85
4294967279,84
4294967279,83
4294967279,82
4294967279,81
4294967279,80
4294967279,79
4294967279,78
4294967279,77
4294967279,76
4294967294,10
4294967294,261
4294967294,259
4294967294,258
4294967294,256
4294967294,218
4294967294,217
4294967294,210
4294967294,206
4294967294,204
4294967294,203
4294967294,201
4294967294,199
4294967294,198
4294967294,422
4294967294,402
4294967294,190
4294967294,185
4294967294,182
4294967294,163
4294967294,162
4294967294,30
4294967294,61
4294967279,217
4294967278,215
4294967279,213
4294967279,212
4294967279,211
4294967279,210
4294967279,209
4294967279,208
4294967278,206
4294967278,205
4294967294,11
4294967294,14
4294967294,20
4294967294,13
4294967294,127
4294967294,126
4294967294,18
4294967294,12
4294967294,426
4294967294,68
4294967278,17
4294967278,16
4294967278,15
4294967278,14
4294967278,13
4294967278,12
4294967278,11
4294967278,9
4294967278,8
4294967278,7
4294967278,6
4294967278,5
4294967278,4
4294967279,132
4294967279,131
4294967279,130
4294967279,129
4294967279,128
4294967279,127
4294967279,126
4294967279,125
4294967279,124
4294967279,123
4294967279,122
4294967279,121
4294967279,120
4294967279,119
4294967279,118
4294967279,117
4294967279,116
4294967279,115
4294967279,114
4294967279,113
4294967279,112
4294967279,111
4294967279,110
4294967279,109
4294967279,108
4294967279,107
4294967279,106
4294967279,417
4294967279,416
4294967279,415
49,5
49,4
49,3
49,2
49,1
4294967278,183
4294967278,355
4294967278,354
4294967278,179
4294967278,353
4294967279,414
4294967294,407
4294967294,168
4294967294,247
4294967294,469
4294967294,465
4294967294,395
4294967294,451
4294967294,456
4294967278,352
4294967279,413
4294967279,412
47,5
47,4
47,3
47,2
47,1
4294967294,252
4294967294,176
46,6
46,5
46,4
46,3
46,2
46,1
4294967279,411
4294967279,410
4294967278,149
4294967278,148
4294967278,147
4294967278,143
4294967278,145
4294967278,144
4294967279,140
4294967279,139
4294967294,9
4294967278,138
4294967278,277
4294967278,136
4294967279,290
4294967278,273
4294967278,134
44,5
44,4
4294967278,133
44,3
44,2
44,1
4294967278,284
4294967278,278
4294967278,266
4294967278,19
4294967278,10
4294967278,18
4294967278,285
4294967278,263
4294967278,280
4294967278,131
4294967278,127
4294967278,121
4294967278,120
4294967278,119
4294967278,118
4294967278,116
4294967278,112
4294967278,110
4294967278,109
4294967278,108
4294967278,107
4294967278,102
4294967278,100
4294967278,98
4294967278,97
4294967278,95
4294967278,91
4294967278,89
4294967278,87
4294967278,86
4294967278,85
4294967278,78
4294967278,76
4294967278,75
4294967278,69
4294967278,67
4294967278,66
4294967278,65
4294967278,64
4294967278,59
4294967278,57
4294967278,55
4294967278,54
4294967278,52
4294967278,48
4294967278,46
4294967278,45
4294967278,44
4294967278,43
4294967278,41
4294967278,37
4294967278,35
4294967278,34
4294967278,33
4294967278,32
4294967278,31
4294967278,30
4294967278,29
4294967278,28
4294967278,27
4294967278,26
4294967278,137
4294967278,25
4294967278,276
4294967278,24
4294967278,23
4294967278,22
4294967278,21
4294967278,20
4294967279,25
4294967279,24
4294967279,275
4294967279,23
4294967279,22
4294967279,21
4294967279,274
4294967279,20
4294967279,19
4294967279,288
4294967279,16
4294967279,286
4294967279,14
4294967279,13
4294967279,12
4294967279,11
4294967279,6
4294967279,409
4294967279,17
4294967294,409
4294967294,396
4294967294,399
4294967294,186
4294967294,457
4294967279,15
4294967279,268
4294967279,287
4294967279,267
4294967294,389
4294967278,351
4294967294,482
42,5
42,4
42,3
42,2
42,1
4294967294,388
4294967294,211
4294967294,207
4294967294,173
4294967294,205
4294967294,170
4294967294,393
4294967294,120
4294967294,1422
41,6
41,5
41,4
41,3
41,2
41,1
4294967278,350
4294967294,390
38,5
38,4
38,3
38,2
38,1
4294967278,349
4294967278,83
4294967278,193
4294967278,348
4294967278,79
4294967278,191
4294967278,347
4294967278,346
4294967278,77
4294967278,189
4294967278,187
4294967278,188
4294967278,345
4294967278,74
4294967294,200
4294967279,408
4294967278,72
4294967278,63
4294967294,29
4294967278,71
4294967278,70
4294967278,182
4294967294,37
4294967294,42
4294967294,39
4294967294,44
4294967294,40
4294967294,43
4294967279,407
4294967278,68
4294967278,181
4294967278,180
4294967279,406
4294967278,176
4294967278,178
36,5
36,4
4294967278,177
36,3
36,2
36,1
4294967294,51
4294967294,418
4294967278,344
4294967278,62
4294967279,405
4294967294,53
4294967278,343
4294967278,61
4294967279,404
4294967294,82
4294967278,60
4294967279,403
4294967278,171
4294967294,91
4294967294,90
4294967294,87
4294967294,85
4294967294,84
4294967294,83
4294967294,115
4294967278,170
4294967278,342
4294967278,58
4294967278,169
4294967278,341
4294967278,56
4294967278,167
4294967278,165
4294967278,166
4294967278,340
4294967278,53
4294967279,402
4294967278,339
4294967278,51
4294967279,401
4294967278,50
4294967279,400
4294967278,338
4294967278,49
4294967278,160
4294967278,159
4294967278,337
4294967278,47
